3285.0,266.0
3365.0,266.0
3393.0,266.0
3468.0,266.0
3477.0,266.0
3489.0,266.0
3498.0,266.0
3526.0,267.0
3539.0,276.0
3550.0,289.0
3565.0,313.0
3574.0,343.0
3574.0,371.0
3574.0,393.0
3574.0,432.0
3573.0,517.5
3573.0,546.5
3573.0,578.9
3493.0,577.6
3472.0,587.8000000000001
3399.0,592.3000000000001
3354.0,588.2
3341.0,561.6
3278.0,524.8
3240.0,506.80000000000007
3239.0,488.80000000000007
3198.0,447.20000000000005
3192.0,370.75000000000006
3192.0,330.0
3192.0,309.0
3220.0,307.0
3244.0,281.0
=
3327.7775349691906,488.29509129579975;0:1.0
3327.3036620653397,366.351724844301;0:1.0
3351.273798705875,371.86559153502833;0:1.0
3356.2593540641265,329.0414227339845;0:1.0
3473.7049417616727,495.51274149867226;0:1.0
3490.715524949075,521.5550338064464;0:1.1
3434.2708421257294,317.79132638038215;0:1.0
3409.2034999118337,540.9327786143252;0:1.0

